0, 1, 1, 1
5, 1, 1, 1, 1, 1
0, 1, 1, 1, 1, 0
5, 1, 1, 1, 4, 1
1, 1, 1, 1, 3, 1, 2, 1, 5
200, 50, 150, 600
100, 400, 200, 50, 150, 100
200, 200, 50, 300, 150, 100
150, 150, 50, 150, 150, 150
220, -220, 220, 130, 100, 200, 100, 100, 150
40, 60, 100, 40
120, 40, 80, 100, 60, 40
40, 40, 60, 40, 80, 40
40, 40, 90, 40, 40, 40
40, 20, 20, 40, 40, 40, 40, 40, 100
110, 90, 110, 110
200, 280, 240, 240, 280, 300
400, 400, 400, 420, 420, 460
550, 550, 550, 600, 600, 600
760, 670, 670, 760, 760, 760, 760, 760, 700